2500
4.e-07
1250
.105774
4.6
4.6
4.6
4.6
4.6
4.6
4.6
4.6
4.52
4.52
4.6
4.68
4.52
3.96
4.6
4.52
4.6
4.44
4.44
4.44
4.52
4.52
4.52
4.52
4.52
4.6
4.44
4.6
4.44
4.6
4.52
4.52
4.52
4.52
4.6
4.52
4.52
4.6
4.68
4.52
4.52
4.52
4.52
4.52
4.52
4.52
4.6
4.52
4.6
4.6
-1.72
.12
-.04
.04
-.84
.04
-.04
.04
.04
.04
-.04
.04
.04
.04
.04
.12
.04
.12
.04
.04
.04
.12
.04
.04
.04
.04
.04
.04
-.04
-.04
.04
-.04
-.04
.12
.04
-.04
-.04
.04
.04
.04
-.04
.04
-.04
-.68
.04
.12
.04
.04
.04
.04
.04
-.04
.04
-.04
.04
.04
-.04
.04
-.04
-.04
.04
-.04
-.04
-.04
-.04
.04
-.04
.04
.12
.12
.04
.04
.04
-.04
.04
-.04
.04
-.04
-.04
.04
6.12
4.52
4.52
4.52
3.72
4.52
4.6
4.52
4.68
4.52
4.52
4.6
4.6
4.68
4.6
4.6
4.68
4.6
4.6
4.68
4.6
4.68
4.6
4.6
4.6
4.52
4.6
4.6
4.68
4.6
4.6
4.52
4.68
4.6
4.52
4.6
4.52
4.6
4.6
4.68
4.68
4.6
4.68
3.96
4.6
4.6
4.6
4.52
4.44
4.44
4.44
4.52
4.52
4.52
4.52
4.52
4.52
4.52
4.52
4.52
4.44
4.52
4.6
4.52
4.6
4.6
4.52
4.52
4.52
4.6
4.6
4.52
4.6
4.68
4.52
4.6
4.52
4.52
4.52
4.52
-1.64
.04
-.04
.04
-.76
.04
-.04
.04
-.04
.04
-.04
.04
.12
.12
.04
.04
.04
.04
.04
.12
.12
.12
.12
.04
.04
.04
.04
.04
.04
.04
.04
.04
.04
.04
.04
-.04
.04
.04
.04
.12
.04
.04
.04
.68
-.04
.04
.04
.04
.04
.04
.12
-.04
-.12
-.04
.04
-.04
.04
.04
.04
.04
-.04
-.04
.04
.04
.04
-.04
.04
.04
-.04
.04
.04
.04
-.04
.12
.04
.04
.04
.04
-.04
.04
6.04
4.6
4.52
4.52
3.8
4.6
4.6
4.52
4.6
4.52
4.6
4.52
4.68
4.6
4.6
4.6
4.6
4.6
4.52
4.52
4.6
4.6
4.6
4.6
4.6
4.52
4.6
4.6
4.68
4.6
4.6
4.6
4.6
4.6
4.52
4.6
4.6
4.68
4.52
4.68
4.68
4.52
4.52
4.12
4.52
4.52
4.6
4.52
4.44
4.44
4.44
4.52
4.52
4.52
4.52
4.68
4.52
4.52
4.52
4.52
4.52
4.6
4.52
4.52
4.6
4.6
4.6
4.52
4.6
4.52
4.52
4.52
4.52
4.6
4.68
4.6
4.52
4.52
4.6
4.52
4.52
.04
-.04
-.04
1
.04
.04
-.04
.04
-.04
-.04
.04
.04
.12
-.04
.04
.04
.12
.04
.04
.12
.04
.04
.12
.04
.12
.04
-.04
.04
.04
-.04
.04
.04
.04
.04
-.04
.12
.04
-.04
.04
.04
-.04
.04
-.44
.04
-.04
.04
-.04
.04
.04
.04
.04
-.04
-.04
-.04
-.04
.04
-.04
.04
-.04
.04
.04
.04
.04
.04
.04
-.04
.04
-.04
.04
-.04
.04
-.04
-.04
.04
.04
-.04
.04
-.04
.04
5.8
4.52
4.6
4.52
3.96
4.6
4.52
4.6
4.52
4.6
4.6
4.52
4.68
4.68
4.68
4.68
4.6
4.6
4.6
4.52
4.6
4.44
4.52
4.6
4.6
4.6
4.52
4.52
4.6
4.52
4.6
4.52
4.6
4.6
4.68
4.6
4.6
4.6
4.6
4.52
4.52
4.52
4.6
4.2
4.6
4.6
4.6
4.52
4.44
4.44
4.44
4.6
4.52
4.52
4.52
4.52
4.52
4.52
4.52
4.52
4.6
4.52
4.52
4.52
4.52
4.52
4.52
4.52
4.52
4.52
4.52
4.6
4.52
4.6
4.52
4.52
4.6
4.52
4.52
4.52
-1.24
.04
-.04
-.04
-.44
.12
.12
.04
-.04
.04
.04
-.04
.12
.04
.04
.04
.04
.04
.04
.04
.04
.04
.12
.12
.04
.04
.04
.04
.12
.04
.04
.04
.04
.04
.12
.04
-.04
-.04
.04
-.04
.04
.12
.12
-.52
.04
.04
-.04
.12
.04
.12
.04
.04
-.04
-.04
.04
-.04
.04
-.04
-.04
.04
.04
.04
-.04
-.04
.04
-.04
.04
-.04
-.04
.04
.04
.04
.04
-.04
-.04
.12
.04
.12
.04
.04
5.72
4.52
4.52
4.68
4.36
4.52
4.52
4.6
4.52
4.6
4.6
4.6
4.52
4.6
4.6
4.68
4.6
4.6
4.6
4.6
4.6
4.6
4.6
4.6
4.6
4.6
4.6
4.52
4.6
4.6
4.6
4.6
4.6
4.6
4.6
4.6
4.6
4.6
4.6
4.6
4.6
4.6
4.52
5.88
4.6
4.52
4.52
4.52
4.44
4.52
4.52
4.44
4.52
4.52
4.52
4.52
4.52
4.52
4.52
4.52
4.52
4.52
4.52
4.52
4.52
4.6
4.52
4.44
4.6
4.52
4.52
4.6
4.6
4.52
4.6
4.52
4.6
4.52
4.52
4.52
-1.4
-.04
-.04
-.04
.04
.04
.04
.04
-.04
-.04
.04
.04
-.04
.12
.12
.04
.04
.12
.04
-.04
-.04
.04
.04
.04
.04
.04
.04
.12
.12
.04
.04
.04
.12
.04
.04
-.04
.04
.04
-.04
.04
-.04
.04
.12
-.44
.12
-.04
-.04
-.04
.04
.04
.04
-.04
.04
-.04
.04
.04
.04
.04
.04
-.04
.04
.04
.04
.04
.04
.04
.12
-.04
.04
.04
.04
.04
.04
.12
.04
-.04
-.04
.04
-.04
-.04
.04
4.6
4.52
4.52
5.56
4.52
4.52
4.52
4.52
4.6
4.52
4.6
4.52
4.52
4.6
4.68
4.6
4.6
4.6
4.6
4.6
4.6
4.6
4.52
4.6
4.6
4.6
4.68
4.6
4.6
4.6
4.6
4.68
4.6
4.6
4.6
4.52
4.6
4.6
4.6
4.6
4.52
4.6
4.2
4.6
4.52
4.6
4.44
4.44
4.52
4.52
4.52
4.52
4.52
4.52
4.52
4.6
4.6
4.52
4.52
4.6
4.52
4.52
4.6
4.6
4.52
4.52
4.52
4.6
4.68
4.52
4.52
4.6
4.6
4.52
4.52
4.52
4.6
4.52
4.52
-1.4
.04
-.04
.04
.36
.04
-.04
-.04
.04
-.04
.04
.04
.12
.12
.12
.12
.12
.12
.12
.12
.12
.04
.04
.04
-.04
.04
.04
-.04
-.04
.04
.04
.04
.12
.04
.04
.04
-.04
.04
.04
.04
.12
.12
.04
-.28
.04
.04
.12
.04
.04
.04
.04
.04
-.04
.04
-.04
-.04
-.04
-.04
.04
.12
.04
-.04
.04
.04
-.04
.04
.04
-.04
.04
-.04
-.04
-.04
.04
-.04
-.04
.04
-.04
-.04
.04
-.04
5.56
4.44
4.6
4.52
4.84
4.68
4.52
4.68
4.6
4.6
4.52
4.52
4.68
4.52
4.68
4.68
4.6
4.6
4.68
4.6
4.6
4.6
4.68
4.6
4.68
4.6
4.6
4.6
4.6
4.6
4.68
4.52
4.6
4.52
4.52
4.6
4.52
4.6
4.6
4.6
4.6
4.6
4.6
4.44
4.6
4.6
4.52
4.44
4.52
4.44
4.52
4.52
4.52
4.44
4.52
4.52
4.52
4.52
4.52
4.52
4.6
4.52
4.6
4.52
4.52
4.52
4.52
4.6
4.52
4.52
4.52
4.52
4.6
4.6
4.6
4.52
4.52
4.52
4.6
4.6
-.84
.04
-.04
.04
.36
.04
-.04
.04
.04
-.04
.04
.04
.12
.04
.04
.04
.04
.04
.04
.04
.04
.04
.12
.04
.12
.04
.04
.04
.04
.04
.04
.04
.04
.04
-.04
-.04
-.04
.04
-.04
.12
.04
.04
.04
.84
.04
.04
.04
.12
.12
.12
.12
.04
.04
.04
.04
.04
.04
-.04
-.04
.04
.04
.04
.04
-.04
.04
.04
.04
-.04
-.04
-.04
-.04
-.04
-.04
.04
-.04
.04
.04
-.04
.04
-.04
5.16
4.52
4.44
4.52
4.76
4.6
4.6
4.68
4.6
4.6
4.6
4.52
4.68
4.6
4.6
4.6
4.6
4.68
4.6
4.52
4.6
4.52
4.6
4.6
4.52
4.68
4.52
4.6
4.52
4.52
4.6
4.6
4.6
4.6
4.6
4.6
4.52
4.68
4.68
4.52
4.6
4.6
4.6
4.6
4.52
4.52
4.6
4.44
4.52
4.44
4.44
4.52
4.52
4.52
4.52
4.52
4.52
4.6
4.6
4.6
4.52
4.52
4.6
4.52
4.6
4.52
4.52
4.52
4.52
4.52
4.52
4.52
4.52
4.52
4.6
4.52
4.52
4.52
4.6
4.52
4.6
.04
.04
.04
.52
.04
-.04
.04
.04
-.04
.04
-.04
.04
.04
.04
.12
-.04
.04
.04
.04
.04
.04
.04
.04
.04
.04
-.04
.04
.04
.04
-.04
.04
.04
-.04
.04
-.04
.04
.04
-.04
.12
-.04
.04
.04
.04
-.04
.12
.04
.04
.04
.04
.04
.04
-.04
.04
.04
-.04
-.04
-.04
.04
.04
-.04
.04
-.04
.04
.04
-.04
-.04
-.04
.04
.04
.04
.12
.04
.04
-.04
.04
-.04
-.04
.04
.12
4.76
4.52
4.52
4.6
5
4.6
4.52
4.52
4.52
4.6
4.6
4.52
4.68
4.6
4.6
4.68
4.6
4.6
4.6
4.6
4.52
4.52
4.6
4.68
4.68
4.6
4.6
4.6
4.6
4.6
4.6
4.6
4.68
4.6
4.68
4.52
4.6
4.52
4.52
4.6
4.52
4.68
4.68
4.6
4.6
4.52
4.52
4.44
4.44
4.44
4.52
4.52
4.52
4.44
4.44
4.52
4.52
4.52
4.6
4.52
4.6
4.52
4.52
4.52
4.6
4.6
4.52
4.52
4.52
4.6
4.52
4.6
4.6
4.6
4.52
4.44
4.6
4.6
4.52
4.52
-.12
.04
.04
-.04
.68
-.04
-.04
.04
-.04
.04
-.04
-.04
.04
.04
-.04
.12
.12
.04
.12
.04
.12
.04
.04
.12
.12
.04
.04
-.04
.04
.04
.12
.04
.04
.04
-.04
-.04
-.04
.04
.04
-.04
.12
.04
.12
-.04
-.04
.04
.04
-.04
.04
-.04
.12
.04
-.04
-.04
-.04
.04
-.04
.04
.04
-.04
-.04
.04
.04
.04
.04
-.04
.04
.04
-.04
.04
.04
-.04
-.04
-.04
.04
.04
.12
.04
-.04
-.04
4.84
4.52
4.44
4.52
5.16
4.6
4.52
4.6
4.52
4.6
4.6
4.6
4.6
4.68
4.6
4.6
4.68
4.6
4.6
4.52
4.52
4.6
4.6
4.6
4.52
4.6
4.52
4.6
4.6
4.6
4.6
4.68
4.6
4.6
4.6
4.6
4.6
4.68
4.6
4.6
4.6
4.6
4.52
5.16
4.52
4.6
4.52
4.44
4.52
4.52
4.44
4.52
4.44
4.6
4.52
4.6
4.52
4.52
4.52
4.52
4.52
4.52
4.52
4.52
4.52
4.52
4.6
4.6
4.52
4.44
4.52
4.52
4.6
4.52
4.52
4.52
4.6
4.52
4.52
4.6
-.28
.04
-.04
-.04
.76
.04
.04
-.04
.04
.04
.12
-.04
.04
.04
-.04
.04
.04
.12
.04
.04
.04
.04
.04
.12
.04
-.04
.04
.04
.04
.04
-.04
.04
-.04
.04
.04
.04
.04
.04
.04
.04
-.04
.04
.04
.04
.04
-.04
.04
.04
.04
.04
.12
.04
-.04
.04
.04
.04
-.04
.04
-.04
-.04
.12
.04
.04
-.04
-.04
.04
-.04
-.12
-.04
.04
.04
.04
.04
-.04
-.04
.04
-.04
-.04
.04
.12
1.56
4.6
4.6
4.52
4.04
4.52
4.52
4.6
4.6
4.6
4.52
4.52
4.6
4.6
4.6
4.6
4.68
4.6
4.6
4.6
4.6
4.6
4.6
4.6
4.6
4.6
4.68
4.52
4.6
4.6
4.6
4.6
4.6
4.52
4.52
4.52
4.68
4.52
4.6
4.6
4.6
4.52
4.6
4.6
4.6
4.52
4.68
4.44
4.52
4.44
4.44
4.52
4.52
4.52
4.52
4.52
4.52
4.6
4.52
4.6
4.52
4.52
4.6
4.6
4.52
4.52
4.52
4.52
4.52
4.52
4.52
4.52
4.6
4.52
4.6
4.52
4.6
4.6
4.52
4.52
-.12
.04
.04
-.04
.68
.04
-.04
.04
.04
.04
.04
.04
.04
.12
.04
.04
.04
.12
.12
.04
-.04
-.04
.04
.12
.04
-.04
.04
-.04
-.04
.04
.04
.04
.04
-.04
.04
.04
-.04
.04
.04
.04
.04
.04
.04
.04
-.04
-.04
.04
.04
.04
.04
.04
-.04
-.04
-.04
-.04
.04
-.04
.04
-.04
.04
-.04
-.04
-.04
.04
-.04
-.04
-.04
.04
.04
-.04
-.04
.04
-.04
-.04
-.04
.04
-.04
.04
.04
.04
4.52
4.52
4.6
4.52
5.08
4.6
4.52
4.52
4.6
4.6
4.52
4.52
4.68
4.68
4.68
4.6
4.6
4.6
4.6
4.6
4.52
4.68
4.6
4.44
4.6
4.6
4.6
4.68
4.6
4.6
4.52
4.68
4.6
4.6
4.68
4.6
4.52
4.6
4.6
4.6
4.52
4.52
4.6
4.76
4.6
4.52
4.52
4.44
4.44
4.44
4.36
4.6
4.44
4.52
4.52
4.52
4.52
4.52
4.52
4.52
4.52
4.52
4.52
4.52
4.6
4.6
4.6
4.52
4.6
4.52
4.52
4.52
4.52
4.52
4.6
4.52
4.52
4.52
4.6
4.6
.2
.04
.04
.04
.52
.04
.04
.04
-.04
.04
.04
-.04
.04
.12
.04
.04
.04
.12
.04
.12
.12
.12
-.04
.04
.04
-.04
.12
.04
.04
.12
.04
.12
-.04
.04
.04
-.04
.04
-.04
.04
-.04
.04
.04
.04
-.2
-.04
.04
-.04
.04
.04
.04
.04
-.04
.04
.04
.04
.04
.04
.04
-.04
.04
.04
.04
.04
-.04
.04
-.04
-.04
.04
-.04
.04
-.04
.04
.04
.04
.04
.04
-.04
.04
.04
-.04
4.2
4.52
4.6
4.6
4.92
4.6
4.52
4.52
4.6
4.6
4.6
4.52
4.68
4.52
4.68
4.6
4.6
4.68
4.52
4.68
4.68
4.68
4.52
4.6
4.6
4.6
4.6
4.52
4.6
4.6
4.52
4.6
4.6
4.6
4.68
4.52
4.68
4.52
4.6
4.6
4.6
4.6
4.52
4.84
4.68
4.6
4.6
4.44
4.36
4.44
4.44
4.52
4.52
4.52
4.52
4.52
4.52
4.52
4.52
4.6
4.52
4.52
4.44
4.52
4.52
4.6
4.6
4.52
4.6
4.6
4.6
4.52
4.6
4.6
4.52
4.52
4.52
4.52
4.52
4.6
.52
-.04
.04
-.04
-1.24
.04
.04
.04
-.04
.04
-.04
.04
.04
.12
.04
.12
.04
.12
.12
.12
.04
.04
.04
.04
.04
.04
.04
.12
.04
-.04
.04
.04
.04
.04
.04
-.04
-.04
-.04
-.04
-.04
-.04
.04
-.04
.2
.04
.04
.04
.12
.12
.12
.04
.04
.04
.04
.04
.04
.04
.04
.04
.04
.04
.04
.12
-.04
-.04
.04
-.04
-.04
-.04
-.04
-.04
.04
.04
.04
-.04
.04
-.04
.12
.04
-.04
4.2
4.52
4.52
4.6
4.92
4.6
4.6
4.52
4.6
4.6
4.6
4.52
4.6
4.6
4.6
4.6
4.68
4.52
4.6
4.6
4.6
4.68
4.6
4.52
4.6
4.68
4.52
4.6
4.6
4.6
4.6
4.6
4.6
4.6
4.6
4.52
4.68
4.52
4.6
4.68
4.6
4.6
4.52
4.68
4.6
4.52
4.68
4.44
4.44
4.44
4.44
4.52
4.6
4.52
4.52
4.6
4.52
4.6
4.52
4.6
4.52
4.52
4.52
4.52
4.52
4.6
4.52
4.52
4.52
4.52
4.6
4.52
4.52
4.52
4.52
4.52
4.52
4.52
4.52
4.52
.36
.04
-.04
-.04
.44
.04
-.04
.04
.04
.04
-.04
-.04
.04
.04
-.04
.12
.12
.04
-.04
.04
.04
.04
.04
.04
.04
.04
.04
.04
.04
.04
.04
-.04
.04
.04
.12
.04
.04
-.04
.04
.04
.04
.04
.04
.12
.04
-.04
.04
.04
.04
-.04
.04
-.04
-.04
.04
.04
.04
-.04
.04
.04
.04
-.04
-.04
.04
-.04
-.04
.04
-.04
-.04
-.04
-.04
-.04
.04
.04
.04
.04
-.04
.04
.04
-.04
-.04
4.44
4.52
4.52
4.52
4.92
4.6
4.6
4.52
4.6
4.52
4.52
4.52
4.52
4.6
4.6
4.52
4.68
4.6
4.6
4.6
4.68
4.6
4.52
4.52
4.6
4.68
4.6
4.6
4.6
4.6
4.6
4.52
4.6
4.68
4.6
4.68
4.6
4.6
4.6
4.6
4.6
4.68
4.6
4.04
4.6
4.6
4.6
4.44
4.44
4.44
4.44
4.52
4.52
4.52
4.52
4.52
4.52
4.52
4.52
4.52
4.52
4.52
4.52
4.52
4.52
4.52
4.52
4.52
4.52
4.52
4.6
4.52
4.52
4.52
4.6
4.52
4.52
4.6
4.52
4.52
.2
.04
-.04
.04
.44
.04
.04
.04
-.04
-.04
-.04
.04
-.04
-.04
.12
.12
.04
.04
.04
-.04
.04
-.04
.12
.12
.04
-.04
.04
.12
.04
.04
.04
.04
.04
.04
.04
.04
.04
.04
.04
.12
.04
-.04
.04
.2
.04
.04
.04
.12
.04
.04
.04
-.04
-.04
-.04
.04
-.04
.04
.04
.04
.12
-.04
-.04
.04
.04
.04
-.04
.04
.04
.04
.04
.04
.04
.04
-.04
.04
-.04
-.04
.04
.12
.04
5.56
4.52
4.6
4.52
3.48
4.52
4.52
4.52
4.52
4.52
4.6
4.6
4.6
4.68
4.6
4.6
4.6
4.52
4.6
4.52
4.68
4.6
4.68
4.68
4.52
4.6
4.68
4.6
4.52
4.6
4.6
4.68
4.68
4.52
4.6
4.6
4.6
4.6
4.52
4.52
4.52
4.6
4.6
4.76
4.6
4.6
4.68
4.44
4.52
4.52
4.44
4.52
4.6
4.52
4.6
4.6
4.52
4.6
4.6
4.6
4.6
4.52
4.52
4.6
4.52
4.6
4.52
4.52
4.52
4.52
4.52
4.6
4.52
4.52
4.52
4.44
4.52
4.6
4.52
4.52
.28
.04
-.04
-.04
.12
.12
.04
-.04
.04
-.04
.04
.04
.04
.04
.12
.04
.04
.04
.04
-.04
.12
.04
.04
.04
.12
-.04
-.04
.04
.12
.04
-.04
-.04
.04
.04
.04
-.04
.04
-.04
.04
-.04
.04
.04
.04
.28
.04
-.04
-.04
.12
.04
.04
